#time0row7[msb-lsb],time0row6[msb-lst],....,time0row0[msb-lst]#
#time1row7[msb-lsb],time1row6[msb-lst],....,time1row0[msb-lst]#
#................#
0000000000000000
0000000000000000
0000000000000000
0000000000000000
0000000000000000
0000000000000000
0000000000000000
0000101010001000
0010101110001000
0010001110001000
0010001010001000
0000000000000000
0000000000000000
0010100010001000
0000100010001000
0000000000000000
0000001010000000
0000000000000000
0000000000000000
0000100000001000
0000100000001100
1000000000001100
1000000000001100
0000000000000000
0000000000000000
1000001000001000
1000001000001000
1100000000001000
1010000000001000
0000000000000000
0000000000000000
0000000000000000
0000000000000000
0000000000000000
0000000000000000
0000000000000000
0000000000000000
0000000000000000
0000000000000000
0000000000000000
0000000000000000
0000000000000000
0000000000000000
0010001010001000
0011001110000000
0010001111001000
0010001111101000
0000000000000000
0000000000000000
0010000010100000
0011001000100000
0010001110110000
0010001011111000
0000000000000000
0000000000000000
0010000010000000
0010001010000000
0010001111000000
0010001111100000
0000000000000000
0000000000000000
0010000000001000
0010000010001000
0000001010000000
0000001010100000
0000000000000000
0000000000000000
0000000000000000
0000000000000000
0000000000000000
0000000000000000
0000000000000000
