111.219  100.124
109.686  132.616
108.175  329.119
106.684  171.085
105.214  155.704
103.764  156.368
102.334  204.09
100.924  233.026
99.5335  186.402
98.1619  235.438
96.8092  192.294
95.4752  187.679
94.1596  115.855
92.8621  124.227
91.5825  164.591
90.3205  214.273
89.0759  207.081
87.8484  192.728
86.6379  271.749
85.4441  118.192
84.2666  209.941
83.1055  222.458
81.9603  124.525
80.8309  213.521
79.7171  275.708
78.6186  124.245
77.5352  185.516
76.4668  175.707
75.4131  202.817
74.3739  169.12
73.3491  183.927
72.3383  138.405
71.3415  208.186
70.3585  269.014
69.3889  123.838
68.4328  170.96
67.4898  145.294
66.5598  137.466
65.6426  347.219
64.738  136.627
63.846  118.91
62.9662  113.856
62.0985  185.893
61.2428  215.83
60.3989  146.327
59.5666  200.808
58.7458  194.625
57.9363  164.335
57.1379  205.927
56.3506  190.194
55.5741  109.295
54.8083  209.126
54.053  122.6
53.3082  203.813
52.5736  172.422
51.8492  127.506
51.1347  162.103
50.4301  238.554
49.7351  180.603
49.0498  71.0384
48.3739  181.837
47.7073  122.629
47.0499  96.4536
46.4016  154.233
45.7622  136.043
45.1316  136.822
44.5097  182.927
43.8963  126.925
43.2915  148.521
42.6949  162.468
42.1066  180.47
41.5264  210.072
40.9541  95.5227
40.3898  137.701
39.8332  149.658
39.2843  181.198
38.743  159.205
38.2091  174.995
37.6826  122.311
37.1634  235.634
36.6512  178.182
36.1462  119.648
35.6481  121.963
35.1569  145.347
34.6724  232.941
34.1947  146.611
33.7235  119.291
33.2588  138.317
32.8005  150.984
32.3485  105.597
31.9027  163.414
31.4631  139.542
31.0295  147.241
30.602  135.601
30.1803  99.0858
29.7644  139.353
29.3542  141.228
28.9498  270.534
28.5508  200.613
28.1574  91.7963
27.7694  121.324
27.3867  207.573
27.0094  188.371
26.6372  119.174
26.2701  95.8005
25.9081  133.178
25.5511  150.812
25.199  171.074
24.8518  177.598
24.5093  188.614
24.1716  114.459
23.8385  208.999
23.51  98.9483
23.1861  118.881
22.8666  96.3277
22.5515  132.321
22.2407  128.497
21.9342  76.0574
21.632  112.763
21.3339  149.005
21.0399  109.333
20.75  142.916
20.4641  105.367
20.1821  81.494
19.904  79.2498
19.6297  92.2512
19.3592  136.415
19.0924  197.725
18.8293  102.504
18.5699  140.383
18.314  110.294
18.0616  147.594
17.8127  104.307
17.5673  95.9478
17.3252  83.3325
17.0865  79.0035
16.851  104.673
16.6188  89.9452
16.3898  133.781
16.164  89.7102
15.9412  146.309
15.7216  133.47
15.5049  91.4692
15.2913  138.038
15.0806  85.0521
14.8727  100.281
14.6678  89.1171
14.4657  137.297
14.2663  116.186
14.0698  75.9756
13.8759  70.0422
13.6847  68.3064
13.4961  86.7014
13.3101  93.7321
13.1267  117.6
12.9458  69.7525
12.7674  117.236
12.5915  71.5874
12.418  120.931
12.2469  75.0514
12.0781  76.4079
11.9117  75.5684
11.7475  77.5885
11.5857  130.24
11.426  131.748
11.2686  101.134
11.1133  80.4175
10.9602  100.422
10.8091  101.11
10.6602  83.4008
10.5133  119.279
10.3684  96.7163
10.2255  92.0914
10.0846  79.3371
9.94567  112.228
9.80862  103.306
9.67345  83.1636
9.54016  74.392
9.40869  104.315
9.27904  97.8163
9.15118  123.757
9.02508  51.3982
8.90071  80.3497
8.77806  83.4599
8.6571  104.745
8.53781  85.3489
8.42016  85.2479
8.30413  97.66
8.1897  101.333
8.07685  76.5657
7.96555  87.378
7.85579  66.8248
7.74754  105.667
7.64078  79.6059
7.53549  83.7496
7.43165  53.3959
7.32925  78.1823
7.22825  76.5338
7.12865  77.7253
7.03041  107.089
6.93354  78.2964
6.83799  81.2484
6.74377  74.5534
6.65084  76.7827
6.55919  64.7932
6.46881  75.6955
6.37967  63.819
6.29176  71.4053
6.20506  66.6176
6.11955  62.0186
6.03523  56.8036
5.95206  87.9088
5.87004  60.8679
5.78916  74.8549
5.70938  62.5203
5.63071  68.775
5.55312  78.4595
5.4766  69.7401
5.40113  70.5459
5.3267  63.3256
5.2533  93.4431
5.18091  86.2103
5.10952  77.4107
5.03911  90.8239
4.96968  64.5174
4.90119  74.0715
4.83366  75.7424
4.76705  81.0621
4.70136  57.7197
4.63658  60.9446
4.57268  91.6654
4.50967  62.8358
4.44753  66.9583
4.38625  84.263
4.3258  69.6987
4.2662  69.099
4.20741  52.1568
4.14943  60.5714
4.09225  54.8126
4.03586  63.9591
3.98025  58.1012
3.9254  44.7241
3.87131  60.0666
3.81796  59.889
3.76535  86.9419
3.71347  61.8742
3.6623  73.1516
3.61183  61.0587
3.56206  62.2931
3.51298  64.3969
3.46457  78.8206
3.41683  71.786
3.36974  70.9508
3.32331  72.3602
3.27751  51.7698
3.23235  87.5966
3.18781  66.5999
3.14388  66.3367
3.10056  77.0063
3.05784  62.1759
3.0157  51.5048
2.97414  50.3463
2.93316  55.8558
2.89274  51.3699
2.85288  55.7864
2.81357  70.111
2.7748  71.5679
2.73656  54.5653
2.69885  58.6498
2.66166  54.8017
2.62498  44.263
2.58881  47.0025
2.55314  57.3387
2.51796  55.7183
2.48326  55.3768
2.44904  51.503
2.41529  46.7824
2.38201  45.5185
2.34919  43.7595
2.31682  38.9654
2.28489  40.8138
2.25341  52.5259
2.22235  39.2611
2.19173  42.9741
2.16153  47.7548
2.13174  50.028
2.10237  59.0666
2.0734  48.8518
2.04483  48.1337
2.01665  50.6138
1.98886  50.6883
1.96146  47.6367
1.93443  41.2076
1.90777  44.235
1.88148  48.9549
1.85556  54.8343
1.82999  49.8839
1.80477  41.6756
1.7799  43.6505
1.75537  48.6937
1.73118  41.2598
1.70733  49.6111
1.6838  36.7254
1.6606  39.0761
1.63772  45.6368
1.61515  47.5774
1.59289  45.1526
1.57094  40.3088
1.5493  38.1256
1.52795  36.4733
1.50689  44.967
1.48613  41.8032
1.46565  38.8011
1.44545  46.0023
1.42553  47.7342
1.40589  39.2002
1.38652  43.8077
1.36741  46.7665
1.34857  46.4343
1.32999  43.8493
1.31166  39.166
1.29358  51.855
1.27576  53.0744
1.25818  46.0863
1.24084  50.7594
1.22374  40.8135
1.20688  38.7248
1.19025  34.2369
1.17385  44.6563
1.15767  40.4724
1.14172  34.2377
1.12599  30.8266
1.11047  35.9904
1.09517  30.422
1.08008  29.7927
1.0652  35.0827
1.05052  34.1934
1.03604  33.6329
1.02176  35.4198
1.00769  36.5868
0.993799  31.0364
0.980105  37.3817
0.966599  35.241
0.95328  30.3136
0.940144  38.6954
0.927189  37.5282
0.914412  31.5734
0.901812  38.5926
0.889385  33.7842
0.877129  30.3565
0.865043  30.9506
0.853123  33.8978
0.841367  37.1972
0.829773  29.7381
0.818339  29.9441
0.807062  30.945
0.795941  30.2385
0.784973  31.0276
0.774156  30.5173
0.763489  32.1714
0.752968  30.8597
0.742592  27.8589
0.732359  27.696
0.722267  27.0135
0.712315  26.0306
0.702499  31.4763
0.692819  26.993
0.683272  24.2789
0.673856  23.975
0.664571  26.4284
0.655413  26.2267
0.646382  32.3752
0.637475  26.6074
0.62869  26.0255
0.620027  26.9859
0.611483  24.8861
0.603057  23.0509
0.594747  23.9276
0.586552  24.2635
0.578469  26.6651
0.570498  27.4672
0.562636  24.2984
0.554883  24.9765
0.547237  25.7263
0.539696  23.4235
0.53226  27.1217
0.524925  27.3699
0.517692  27.6674
0.510558  25.6794
0.503523  23.9913
0.496584  24.5827
0.489741  25.3525
0.482993  22.9882
0.476337  24.1303
0.469773  23.2544
0.4633  22.787
0.456916  22.4275
0.45062  23.1309
0.44441  24.173
0.438286  24.4413
0.432247  25.1259
0.42629  22.2448
0.420416  21.8143
0.414623  22.9847
0.408909  22.781
0.403275  22.6057
0.397718  25.9121
0.392237  24.2887
0.386832  25.8334
0.381502  24.0036
0.376245  26.2274
0.37106  21.9078
0.365947  23.4605
0.360904  24.1037
0.355931  25.0632
0.351027  22.5308
0.346189  22.6246
0.341419  23.9218
0.336714  22.0837
0.332074  23.0049
0.327499  21.8263
0.322986  23.2553
0.318535  23.9827
0.314146  23.1321
0.309817  22.9668
0.305548  21.8323
0.301337  22.6919
0.297185  24.949
0.29309  21.303
0.289051  21.8087
0.285068  21.9036
0.28114  21.7452
0.277266  23.2027
0.273445  22.9727
0.269677  22.5996
0.265961  22.2218
0.262296  21.8365
0.258682  21.5097
0.255117  22.4708
0.251601  22.9866
0.248134  22.2592
0.244715  22.9639
0.241343  22.4401
0.238017  22.3623
0.234738  22.4358
0.231503  20.7486
0.228313  21.0145
0.225167  22.1076
0.222064  22.0211
0.219004  20.4101
0.215986  20.5957
0.21301  21.8429
0.210075  20.3996
0.20718  20.5855
0.204325  20.6253
0.201509  19.6449
0.198733  19.969
0.195994  19.898
0.193293  20.2883
0.19063  20.1175
0.188003  19.9354
0.185412  20.0792
0.182857  20.6197
0.180338  20.263
0.177853  20.9748
0.175402  20.0526
0.172985  20.3734
0.170601  20.8579
0.16825  20.8593
0.165932  21.1422
0.163645  21.4523
0.16139  20.9015
0.159166  20.3295
0.156973  21.303
0.15481  20.7844
0.152677  20.3727
0.150573  20.1726
0.148498  19.9608
0.146452  20.0946
0.144434  19.8744
0.142443  19.6165
0.140481  19.9642
0.138545  20.094
0.136636  21.071
0.134753  20.2239
0.132896  20.9079
0.131065  20.2342
0.129259  20.3818
0.127477  19.5285
0.125721  19.6325
0.123988  19.634
0.12228  19.5218
0.120595  19.5206
0.118933  19.4126
0.117294  19.0351
0.115678  18.998
0.114084  18.8645
0.112512  18.9079
0.110962  18.9605
0.109432  18.8348
0.107925  19.3309
0.106437  19.3718
0.104971  19.4132
0.103524  19.7504
0.102098  19.4325
0.100691  19.3934
0.0993033  19.4101
0.0979349  19.5833
0.0965853  19.7516
0.0952544  20.1457
0.0939418  19.5601
0.0926473  19.9251
0.0913707  20.0591
0.0901116  19.7089
0.0888699  20.1412
0.0876453  19.9041
0.0864375  19.7645
0.0852464  19.897
0.0840717  19.9493
0.0829133  20.1665
0.0817707  19.9221
0.0806439  19.5988
0.0795327  19.2358
0.0784367  19.3751
0.0773559  19.6429
0.0762899  19.2685
0.0752387  19.2135
0.0742019  19.2744
0.0731794  19.2615
0.072171  19.0102
0.0711765  18.7256
0.0701957  18.7546
0.0692284  18.5337
0.0682745  18.5095
0.0673337  18.5901
0.0664058  18.6658
0.0654908  18.4689
0.0645883  18.2558
0.0636983  18.4969
0.0628205  18.3279
0.0619549  18.4303
0.0611012  18.524
0.0602592  18.4981
0.0594288  18.7207
0.0586099  18.911
0.0578023  19.0696
0.0570058  19.0804
0.0562202  19.1731
0.0554455  18.9154
0.0546815  18.8777
0.053928  18.9072
0.0531849  18.8852
0.052452  18.8086
0.0517292  18.6334
0.0510164  18.9337
0.0503134  18.4423
0.0496201  18.5534
0.0489364  18.3122
0.048262  18.3057
0.047597  18.157
0.0469411  18.3782
0.0462943  18.3669
0.0456563  18.0953
0.0450272  18.2831
0.0444067  18.1167
0.0437948  18.135
0.0431913  18.0219
0.0425962  18.0284
0.0420092  17.9547
0.0414303  18.2595
0.0408594  18.0454
0.0402964  18.064
0.0397411  18.057
0.0391935  18.0635
0.0386534  18.1893
0.0381208  18.3269
0.0375955  18.2127
0.0370774  18.3824
0.0365665  18.0716
0.0360626  18.107
0.0355657  18.0248
0.0350756  18.0443
0.0345922  18.0857
0.0341156  18.1123
0.0336455  18.1023
0.0331818  18.091
0.0327246  18.0594
0.0322737  18.0834
0.0318289  18.0207
0.0313903  17.9525
0.0309578  17.9021
0.0305312  17.8319
0.0301105  17.8422
0.0296956  17.8393
0.0292864  17.8774
0.0288828  17.9914
0.0284848  17.8524
0.0280923  17.8423
0.0277052  17.9698
0.0273234  17.8462
0.0269469  17.8674
0.0265756  17.7784
0.0262094  17.8247
0.0258482  17.913
0.025492  17.984
0.0251407  17.9469
0.0247943  17.7969
0.0244527  17.9254
0.0241157  17.9291
0.0237834  17.757
0.0234557  17.7356
0.0231324  17.7942
0.0228137  17.7771
0.0224993  17.8777
0.0221893  17.8193
0.0218835  17.8687
0.021582  17.6583
0.0212846  17.6547
0.0209913  17.8532
0.020702  17.776
0.0204167  17.6212
0.0201354  17.605
0.0198579  17.6163
0.0195843  17.6896
0.0193144  17.7208
0.0190483  17.7374
0.0187858  17.7163
0.0185269  17.8355
0.0182716  17.7653
0.0180199  17.7733
0.0177716  17.7676
0.0175267  17.7276
0.0172851  17.662
0.017047  17.8359
0.0168121  17.8298
0.0165804  17.683
0.0163519  17.7603
0.0161266  17.7359
0.0159044  17.6839
0.0156852  17.732
0.0154691  17.7757
0.0152559  17.7148
0.0150457  17.7596
0.0148384  17.7424
0.0146339  17.688
0.0144322  17.756
0.0142334  17.7177
0.0140372  17.6653
0.0138438  17.7123
0.013653  17.6555
0.0134649  17.805
0.0132794  17.6871
0.0130964  17.6739
0.0129159  17.6686
0.0127379  17.6979
0.0125624  17.6613
0.0123893  17.6449
0.0122186  17.5914
0.0120502  17.5785
0.0118841  17.5959
0.0117204  17.6272
0.0115589  17.6439
0.0113996  17.6012
0.0112425  17.5836
0.0110876  17.5745
0.0109348  17.5581
0.0107841  17.5637
0.0106355  17.6171
0.010489  17.6216
0.0103444  17.6278
0.0102019  17.5963
0.0100613  17.6009
0.00992267  17.5713
0.00978594  17.5673
0.00965109  17.6021
0.0095181  17.5119
0.00938694  17.5273
0.00925759  17.495
0.00913002  17.4777
0.00900421  17.4949
0.00888014  17.4781
0.00875777  17.4958
0.00863709  17.4837
0.00851807  17.4919
0.00840069  17.5252
0.00828493  17.4713
0.00817077  17.4787
0.00805818  17.4446
0.00794714  17.4484
0.00783763  17.4409
0.00772963  17.444
0.00762311  17.4297
0.00751807  17.4401
0.00741447  17.4176
0.0073123  17.4769
0.00721154  17.4627
0.00711216  17.4593
0.00701416  17.455
0.00691751  17.4746
0.00682218  17.4305
0.00672818  17.4311
0.00663546  17.4226
0.00654403  17.4433
0.00645385  17.4071
0.00636492  17.408
0.00627721  17.3835
0.00619071  17.3838
0.00610541  17.3857
0.00602127  17.4024
0.0059383  17.3822
0.00585647  17.4135
0.00577577  17.3905
0.00569618  17.3998
0.00561769  17.3829
0.00554028  17.3825
0.00546394  17.3816
0.00538864  17.4242
0.00531439  17.4027
0.00524116  17.4016
0.00516894  17.4077
0.00509771  17.3981
0.00502746  17.3814
0.00495819  17.3828
0.00488986  17.3829
0.00482248  17.3791
0.00475603  17.3849
0.00469049  17.397
0.00462586  17.3969
0.00456211  17.4086
0.00449925  17.4072
0.00443725  17.4078
0.00437611  17.3789
0.0043158  17.4011
0.00425633  17.4228
0.00419768  17.4083
0.00413984  17.4041
0.00408279  17.3962
0.00402653  17.3972
0.00397105  17.4127
0.00391633  17.4301
0.00386236  17.4311
0.00380914  17.4087
0.00375665  17.404
0.00370488  17.3907
0.00365383  17.3812
0.00360348  17.3762
0.00355383  17.3714
0.00350485  17.3908
0.00345656  17.3716
0.00340893  17.3654
0.00336195  17.3758
0.00331563  17.3688
0.00326994  17.3724
0.00322488  17.3686
0.00318044  17.3638
0.00313661  17.3651
0.00309339  17.3381
0.00305077  17.3399
0.00300873  17.3324
0.00296727  17.3377
0.00292638  17.3368
0.00288605  17.3488
0.00284628  17.3363
0.00280706  17.3386
0.00276838  17.3405
0.00273023  17.3375
0.00269261  17.3411
0.00265551  17.3405
0.00261892  17.3463
0.00258283  17.3461
0.00254724  17.3347
0.00251214  17.3423
0.00247752  17.3354
0.00244338  17.3224
0.00240971  17.3229
0.0023765  17.3244
0.00234376  17.3212
0.00231146  17.336
0.00227961  17.3437
0.0022482  17.3469
0.00221722  17.3241
0.00218666  17.3106
0.00215653  17.316
0.00212682  17.3242
0.00209751  17.3241
0.0020686  17.3286
0.0020401  17.3319
0.00201199  17.3309
0.00198426  17.3259
0.00195692  17.3246
0.00192995  17.3192
0.00190336  17.3165
0.00187713  17.3204
0.00185127  17.3187
0.00182576  17.3185
0.0018006  17.3172
0.00177578  17.3216
0.00175131  17.3093
0.00172718  17.3059
0.00170338  17.3053
0.00167991  17.3064
0.00165676  17.3067
0.00163393  17.3081
0.00161142  17.3131
0.00158921  17.3047
0.00156731  17.3056
0.00154571  17.2992
0.00152441  17.3006
0.00150341  17.3002
0.00148269  17.3057
0.00146226  17.3004
0.00144211  17.2989
0.00142224  17.3011
0.00140264  17.3017
0.00138331  17.3062
0.00136425  17.3078
0.00134545  17.306
0.00132691  17.3048
0.00130863  17.3023
0.00129059  17.2996
0.00127281  17.3001
0.00125527  17.2975
0.00123797  17.2969
0.00122091  17.2999
0.00120409  17.3056
0.0011875  17.3029
0.00117113  17.3059
0.001155  17.3002
0.00113908  17.3033
0.00112338  17.2991
0.0011079  17.2981
0.00109264  17.2977
0.00107758  17.2964
0.00106273  17.2967
0.00104809  17.2993
0.00103365  17.2975
0.0010194  17.2997
0.00100536  17.2989
0.000991502  17.2979
0.000977839  17.2982
0.000964365  17.2978
0.000951076  17.2988
0.00093797  17.2979
0.000925045  17.2983
0.000912298  17.3007
0.000899727  17.2983
0.000887329  17.2982
0.000875102  17.3
0.000863043  17.298
0.00085115  17.2979
0.000839422  17.298
0.000827855  17.2976
0.000816447  17.2981
0.000805196  17.2973
0.000794101  17.2962
0.000783158  17.2993
0.000772367  17.3002
0.000761723  17.2967
0.000751227  17.2965
0.000740875  17.2977
0.000730666  17.2977
0.000720598  17.2971
0.000710668  17.2978
0.000700875  17.2993
0.000691217  17.2966
0.000681692  17.297
0.000672299  17.2941
0.000663035  17.296
0.000653898  17.2958
0.000644888  17.2933
0.000636001  17.294
0.000627237  17.2941
0.000618594  17.2965
0.00061007  17.2959
0.000601663  17.2959
0.000593372  17.2955
0.000585196  17.2946
0.000577132  17.295
0.000569179  17.295
0.000561336  17.2948
0.000553601  17.2943
0.000545972  17.2933
0.000538449  17.2945
0.000531029  17.2944
0.000523712  17.2938
0.000516495  17.2917
0.000509378  17.2907
0.000502359  17.2912
0.000495436  17.2934
0.000488609  17.2907
0.000481876  17.2906
0.000475236  17.2908
0.000468687  17.2906
0.000462229  17.2919
0.00045586  17.2917
0.000449578  17.2912
0.000443383  17.291
0.000437273  17.2934
0.000431248  17.2906
0.000425305  17.2924
0.000419444  17.292
0.000413665  17.2921
0.000407964  17.2925
0.000402343  17.2928
0.000396798  17.2918
0.000391331  17.2919
0.000385938  17.2916
0.00038062  17.2921
0.000375375  17.2916
0.000370202  17.2918
0.000365101  17.2929
0.00036007  17.2922
0.000355108  17.2927
0.000350215  17.2929
0.000345389  17.29
0.00034063  17.2898
0.000335936  17.2903
0.000331307  17.2895
0.000326741  17.2894
0.000322239  17.2895
0.000317799  17.2908
0.000313419  17.2898
0.000309101  17.2898
0.000304841  17.2899
0.000300641  17.2898
0.000296498  17.2897
0.000292412  17.2897
0.000288383  17.2897
0.000284409  17.2901
0.00028049  17.2896
0.000276625  17.2887
0.000272813  17.2888
0.000269054  17.2885
0.000265346  17.2887
0.00026169  17.2887
0.000258084  17.2898
0.000254527  17.2886
0.00025102  17.2887
0.000247561  17.2897
0.00024415  17.2895
0.000240785  17.2891
0.000237467  17.2887
0.000234195  17.2887
0.000230968  17.2888
0.000227785  17.2873
0.000224646  17.2873
0.000221551  17.2873
0.000218498  17.2873
0.000215487  17.2875
0.000212517  17.2873
0.000209589  17.2877
0.000206701  17.2878
0.000203853  17.2867
0.000201044  17.2867
0.000198273  17.2867
0.000195541  17.2866
0.000192847  17.2866
0.000190189  17.2864
0.000187568  17.2864
0.000184984  17.2865
0.000182435  17.287
0.000179921  17.2867
0.000177441  17.2874
0.000174996  17.2867
0.000172585  17.2868
0.000170207  17.2869
0.000167861  17.2866
0.000165548  17.2867
0.000163267  17.2866
0.000161017  17.2866
0.000158798  17.2865
0.00015661  17.2865
0.000154452  17.2871
0.000152324  17.2871
0.000150225  17.2869
0.000148155  17.2869
0.000146113  17.2869
0.0001441  17.2869
0.000142114  17.2874
0.000140156  17.2867
0.000138225  17.2866
0.00013632  17.2867
0.000134441  17.2864
0.000132589  17.2866
0.000130762  17.2866
0.00012896  17.2868
0.000127183  17.2867
0.00012543  17.2866
0.000123702  17.2863
0.000121997  17.2864
0.000120316  17.2864
0.000118658  17.2865
0.000117023  17.2866
0.000115411  17.2872
0.00011382  17.2873
0.000112252  17.2874
0.000110705  17.2872
0.000109179  17.2871
0.000107675  17.2868
0.000106191  17.2866
0.000104728  17.2866
0.000103285  17.2865
0.000101862  17.2865
0.000100458  17.2865
9.90737e-05  17.2865
9.77085e-05  17.2865
9.63621e-05  17.2866
9.50342e-05  17.2866
9.37246e-05  17.2865
9.24331e-05  17.2862
9.11594e-05  17.2863
8.99033e-05  17.2863
8.86644e-05  17.2863
8.74426e-05  17.2863
8.62377e-05  17.2863
8.50494e-05  17.2863
8.38774e-05  17.2863
8.27216e-05  17.2863
8.15817e-05  17.2863
8.04575e-05  17.2863
7.93488e-05  17.2863
7.82554e-05  17.2863
7.71771e-05  17.2863
7.61136e-05  17.2861
7.50647e-05  17.2861
7.40304e-05  17.2861
7.30102e-05  17.2859
7.20042e-05  17.2859
7.1012e-05  17.286
7.00334e-05  17.2859
6.90684e-05  17.2858
6.81166e-05  17.2859
6.7178e-05  17.2859
6.62523e-05  17.286
6.53394e-05  17.286
6.4439e-05  17.2859
6.3551e-05  17.2861
6.26753e-05  17.286
6.18117e-05  17.286
6.09599e-05  17.286
6.01199e-05  17.286
5.92915e-05  17.2859
5.84744e-05  17.286
5.76687e-05  17.286
5.6874e-05  17.2862
5.60903e-05  17.286
5.53174e-05  17.286
5.45551e-05  17.286
5.38033e-05  17.286
5.30619e-05  17.2861
5.23308e-05  17.286
5.16097e-05  17.286
5.08985e-05  17.2848
5.01971e-05  17.2849
4.95054e-05  17.2846
4.88232e-05  17.2846
4.81505e-05  17.2846
4.74869e-05  17.2845
4.68326e-05  17.2845
4.61872e-05  17.2846
4.55508e-05  17.2846
4.49231e-05  17.2846
4.43041e-05  17.2846
4.36936e-05  17.2845
4.30915e-05  17.2842
4.24977e-05  17.2841
4.19121e-05  17.2841
4.13345e-05  17.2841
4.0765e-05  17.2842
4.02032e-05  17.2842
3.96492e-05  17.2842
3.91029e-05  17.2842
3.8564e-05  17.2842
3.80326e-05  17.2842
3.75085e-05  17.2842
3.69917e-05  17.2842
3.64819e-05  17.2841
3.59792e-05  17.2842
3.54834e-05  17.2842
3.49945e-05  17.2842
3.45123e-05  17.2843
3.40367e-05  17.2842
3.35677e-05  17.2843
3.31051e-05  17.2843
3.26489e-05  17.2843
3.2199e-05  17.2842
3.17553e-05  17.2843
3.13178e-05  17.2843
3.08862e-05  17.2843
3.04606e-05  17.2842
3.00409e-05  17.2842
2.96269e-05  17.2842
2.92187e-05  17.2842
2.8816e-05  17.2842
2.84189e-05  17.2842
2.80273e-05  17.2841
2.76411e-05  17.2841
2.72602e-05  17.2841
2.68846e-05  17.2841
2.65141e-05  17.2841
2.61488e-05  17.2841
2.57884e-05  17.2841
2.54331e-05  17.2841
2.50826e-05  17.2841
2.4737e-05  17.2841
2.43961e-05  17.2841
2.40599e-05  17.2841
2.37284e-05  17.2841
2.34014e-05  17.2841
2.3079e-05  17.2841
2.27609e-05  17.2841
2.24473e-05  17.2841
2.2138e-05  17.2841
2.18329e-05  17.2841
2.15321e-05  17.2841
2.12354e-05  17.2841
2.09427e-05  17.2841
2.06542e-05  17.2842
2.03695e-05  17.2842
2.00889e-05  17.2842
1.9812e-05  17.2842
1.9539e-05  17.2842
1.92698e-05  17.2842
1.90042e-05  17.2842
1.87424e-05  17.2842
1.84841e-05  17.2841
1.82294e-05  17.2841
1.79782e-05  17.2842
1.77305e-05  17.2842
1.74861e-05  17.2842
1.72452e-05  17.2842
1.70075e-05  17.2842
1.67732e-05  17.2842
1.65421e-05  17.2841
1.63141e-05  17.2841
1.60893e-05  17.2841
1.58676e-05  17.2841
1.56489e-05  17.2842
1.54333e-05  17.2841
1.52206e-05  17.2841
1.50109e-05  17.2841
1.48041e-05  17.2839
1.46001e-05  17.2839
1.43989e-05  17.2839
1.42005e-05  17.2839
1.40048e-05  17.2839
1.38118e-05  17.2839
1.36215e-05  17.2839
1.34338e-05  17.2839
1.32487e-05  17.2838
1.30661e-05  17.2838
1.2886e-05  17.2839
1.27085e-05  17.2839
1.25334e-05  17.2839
1.23606e-05  17.2839
1.21903e-05  17.2839
1.20223e-05  17.2839
1.18567e-05  17.2838
1.16933e-05  17.2839
1.15322e-05  17.2838
1.13732e-05  17.2838
1.12165e-05  17.2838
1.1062e-05  17.2838
1.09095e-05  17.2839
1.07592e-05  17.2838
1.06109e-05  17.2838
1.04647e-05  17.2838
1.03205e-05  17.2838
1.01783e-05  17.2838
1.00381e-05  17.2838
9.89973e-06  17.2838
9.76331e-06  17.2838
9.62878e-06  17.2839
9.49609e-06  17.2839
9.36524e-06  17.2839
9.23619e-06  17.2839
9.10892e-06  17.283
8.9834e-06  17.283
8.85961e-06  17.283
8.73752e-06  17.283
8.61712e-06  17.283
8.49838e-06  17.283
8.38127e-06  17.283
8.26578e-06  17.283
8.15188e-06  17.283
8.03955e-06  17.283
7.92876e-06  17.283
7.81951e-06  17.283
7.71176e-06  17.283
7.60549e-06  17.283
7.50069e-06  17.283
7.39733e-06  17.283
7.29539e-06  17.283
7.19487e-06  17.283
7.09572e-06  17.283
6.99794e-06  17.283
6.90151e-06  17.283
6.80641e-06  17.283
6.71262e-06  17.283
6.62012e-06  17.283
6.5289e-06  17.283
6.43893e-06  17.2829
6.3502e-06  17.2829
6.2627e-06  17.2829
6.1764e-06  17.2829
6.09129e-06  17.2829
6.00735e-06  17.2829
5.92457e-06  17.283
5.84293e-06  17.283
5.76242e-06  17.283
5.68301e-06  17.283
5.6047e-06  17.283
5.52747e-06  17.283
5.4513e-06  17.283
5.37619e-06  17.283
5.3021e-06  17.283
5.22904e-06  17.283
5.15699e-06  17.283
5.08592e-06  17.283
5.01584e-06  17.283
4.94672e-06  17.283
4.87856e-06  17.283
4.81133e-06  17.283
4.74503e-06  17.283
4.67965e-06  17.283
4.61516e-06  17.283
4.55157e-06  17.2829
4.48885e-06  17.2829
4.42699e-06  17.2829
4.36599e-06  17.2829
4.30583e-06  17.2829
4.24649e-06  17.2829
4.18798e-06  17.2829
4.13027e-06  17.2829
4.07335e-06  17.2829
4.01722e-06  17.2829
3.96187e-06  17.2829
3.90727e-06  17.2829
3.85343e-06  17.2829
3.80033e-06  17.2829
3.74796e-06  17.2829
3.69632e-06  17.2829
3.64538e-06  17.2829
3.59515e-06  17.2829
3.54561e-06  17.2829
3.49675e-06  17.2829
3.44857e-06  17.2829
3.40105e-06  17.2829
3.35418e-06  17.2829
3.30796e-06  17.2829
3.26238e-06  17.2829
3.21742e-06  17.2829
3.17309e-06  17.2829
3.12936e-06  17.2829
3.08624e-06  17.2829
3.04371e-06  17.2829
3.00177e-06  17.2829
2.96041e-06  17.2829
2.91961e-06  17.2829
2.87938e-06  17.2829
2.8397e-06  17.2829
2.80057e-06  17.2829
2.76198e-06  17.2829
2.72392e-06  17.2829
2.68639e-06  17.2829
2.64937e-06  17.2829
2.61286e-06  17.2829
2.57686e-06  17.2829
2.54135e-06  17.2829
2.50633e-06  17.2829
2.47179e-06  17.2829
2.43773e-06  17.2829
2.40414e-06  17.2829
2.37101e-06  17.2829
2.33834e-06  17.2829
2.30612e-06  17.2829
2.27434e-06  17.2829
2.243e-06  17.2829
2.21209e-06  17.2829
2.18161e-06  17.2829
2.15155e-06  17.2829
2.1219e-06  17.2829
2.09266e-06  17.2829
2.06382e-06  17.2829
2.03538e-06  17.2829
2.00734e-06  17.2829
1.97968e-06  17.2829
1.9524e-06  17.2829
1.92549e-06  17.2829
1.89896e-06  17.2829
1.87279e-06  17.2829
1.84698e-06  17.2829
1.82153e-06  17.2824
1.79643e-06  17.2824
1.77168e-06  17.2824
1.74727e-06  17.2824
1.72319e-06  17.2824
1.69944e-06  17.2824
1.67603e-06  17.2824
1.65293e-06  17.2824
1.63015e-06  17.2824
1.60769e-06  17.2824
1.58554e-06  17.2824
1.56369e-06  17.2824
1.54214e-06  17.2824
1.52089e-06  17.2824
1.49993e-06  17.2824
1.47926e-06  17.2824
1.45888e-06  17.2824
1.43878e-06  17.2824
1.41895e-06  17.2824
1.3994e-06  17.2824
1.38011e-06  17.2824
1.3611e-06  17.2824
1.34234e-06  17.2824
1.32384e-06  17.2824
1.3056e-06  17.2822
1.28761e-06  17.2822
1.26987e-06  17.2822
1.25237e-06  17.2822
1.23511e-06  17.2822
1.21809e-06  17.2822
1.20131e-06  17.2822
1.18475e-06  17.2822
1.16843e-06  17.2822
1.15233e-06  17.2822
1.13645e-06  17.2822
1.12079e-06  17.2822
1.10534e-06  17.2822
1.09011e-06  17.2821
1.07509e-06  17.2821
1.06028e-06  17.2821
1.04567e-06  17.2821
1.03126e-06  17.2821
1.01705e-06  17.2821
1.00303e-06  17.2821
9.89209e-07  17.2821
9.75578e-07  17.2821
9.62135e-07  17.2821
9.48877e-07  17.2821
9.35801e-07  17.2821
9.22906e-07  17.2821
9.10189e-07  17.2821
8.97647e-07  17.2821
8.85277e-07  17.2821
8.73078e-07  17.2821
8.61047e-07  17.2821
8.49182e-07  17.2821
8.37481e-07  17.2821
8.2594e-07  17.2821
8.14559e-07  17.2821
8.03335e-07  17.2821
7.92265e-07  17.2821
7.81347e-07  17.2821
7.70581e-07  17.2821
7.59962e-07  17.2821
7.4949e-07  17.2821
7.39162e-07  17.2821
7.28977e-07  17.2821
7.18932e-07  17.2821
7.09025e-07  17.2821
6.99255e-07  17.2821
6.89619e-07  17.2821
6.80116e-07  17.2821
6.70744e-07  17.2821
6.61502e-07  17.2821
6.52386e-07  17.2821
6.43396e-07  17.2821
6.34531e-07  17.2821
6.25787e-07  17.2821
6.17164e-07  17.2821
6.08659e-07  17.2821
6.00272e-07  17.2821
5.92e-07  17.2821
5.83843e-07  17.2821
5.75798e-07  17.2821
5.67863e-07  17.2821
5.60038e-07  17.2821
5.52321e-07  17.2821
5.4471e-07  17.2821
5.37204e-07  17.2821
5.29801e-07  17.2821
5.22501e-07  17.2821
5.15301e-07  17.2821
5.082e-07  17.2821
5.01197e-07  17.2821
4.94291e-07  17.2821
4.8748e-07  17.2821
4.80762e-07  17.2821
4.74137e-07  17.2821
4.67604e-07  17.2821
4.6116e-07  17.2821
4.54806e-07  17.2821
4.48539e-07  17.2821
4.42358e-07  17.2821
4.36262e-07  17.2821
4.30251e-07  17.2821
4.24322e-07  17.2821
4.18475e-07  17.2821
4.12708e-07  17.2821
4.07021e-07  17.2821
4.01412e-07  17.2821
3.95881e-07  17.2821
3.90426e-07  17.2821
3.85046e-07  17.2821
3.7974e-07  17.2821
3.74507e-07  17.2821
3.69347e-07  17.2821
3.64257e-07  17.2821
3.59238e-07  17.2821
3.54287e-07  17.2821
3.49405e-07  17.2821
3.44591e-07  17.2821
3.39842e-07  17.2821
3.35159e-07  17.2821
3.30541e-07  17.2821
3.25986e-07  17.2821
3.21494e-07  17.2821
3.17064e-07  17.2821
3.12695e-07  17.2821
3.08386e-07  17.2821
3.04137e-07  17.2821
2.99946e-07  17.2821
2.95812e-07  17.2821
2.91736e-07  17.2821
2.87716e-07  17.2821
2.83751e-07  17.2821
2.79841e-07  17.2821
2.75985e-07  17.2821
2.72182e-07  17.2821
2.68432e-07  17.2821
2.64733e-07  17.2821
2.61085e-07  17.2821
2.57487e-07  17.2821
2.53939e-07  17.2821
2.5044e-07  17.2821
2.46989e-07  17.2821
2.43585e-07  17.2821
2.40229e-07  17.2821
2.36918e-07  17.2821
2.33654e-07  17.2821
2.30434e-07  17.2821
2.27259e-07  17.2821
2.24127e-07  17.2821
2.21039e-07  17.2821
2.17993e-07  17.2821
2.14989e-07  17.2821
2.12026e-07  17.2821
2.09105e-07  17.2821
2.06223e-07  17.2821
2.03381e-07  17.2821
2.00579e-07  17.2821
1.97815e-07  17.2821
1.95089e-07  17.2821
1.92401e-07  17.2821
1.89749e-07  17.2821
1.87135e-07  17.2821
1.84556e-07  17.2821
1.82013e-07  17.2821
1.79505e-07  17.2821
1.77031e-07  17.2821
1.74592e-07  17.2821
1.72186e-07  17.2821
1.69813e-07  17.2821
1.67473e-07  17.2821
1.65166e-07  17.2821
1.6289e-07  17.2821
1.60645e-07  17.2821
1.58431e-07  17.2821
1.56248e-07  17.2821
1.54095e-07  17.2821
1.51972e-07  17.2821
1.49878e-07  17.2821
1.47812e-07  17.2821
1.45775e-07  17.2821
1.43767e-07  17.2821
1.41786e-07  17.2821
1.39832e-07  17.2821
1.37905e-07  17.2821
1.36005e-07  17.2821
1.34131e-07  17.2821
1.32282e-07  17.2821
1.30459e-07  17.2821
1.28662e-07  17.2821
1.26889e-07  17.2821
1.2514e-07  17.2821
1.23416e-07  17.2821
1.21715e-07  17.2821
1.20038e-07  17.2821
1.18384e-07  17.2821
1.16753e-07  17.2821
1.15144e-07  17.2821
1.13557e-07  17.2821
1.11992e-07  17.2821
1.10449e-07  17.2821
1.08927e-07  17.2821
1.07426e-07  17.2821
1.05946e-07  17.2821
1.04486e-07  17.2821
1.03046e-07  17.2821
1.01626e-07  17.2821
1.00226e-07  17.2821
9.88447e-08  17.2821
9.74826e-08  17.2821
9.61393e-08  17.2821
9.48145e-08  17.2821
9.3508e-08  17.2821
9.22195e-08  17.2821
9.09487e-08  17.2821
8.96955e-08  17.2821
8.84595e-08  17.2821
8.72405e-08  17.2821
8.60384e-08  17.2821
8.48528e-08  17.2821
8.36835e-08  17.2821
8.25304e-08  17.2821
8.13931e-08  17.2821
8.02715e-08  17.2821
7.91654e-08  17.2821
7.80745e-08  17.2821
7.69987e-08  17.2821
7.59376e-08  17.2821
7.48912e-08  17.2821
7.38592e-08  17.2821
7.28415e-08  17.2821
7.18377e-08  17.2821
7.08478e-08  17.2821
6.98715e-08  17.2821
6.89087e-08  17.2821
6.79592e-08  17.2821
6.70227e-08  17.2821
6.60992e-08  17.2821
6.51883e-08  17.2821
6.429e-08  17.2821
6.34041e-08  17.2821
6.25304e-08  17.2821
6.16688e-08  17.2821
6.0819e-08  17.2821
5.99809e-08  17.2821
5.91544e-08  17.2821
5.83392e-08  17.2821
5.75353e-08  17.2821
5.67425e-08  17.2821
5.59606e-08  17.2821
5.51895e-08  17.2821
5.4429e-08  17.2821
5.3679e-08  17.2821
5.29393e-08  17.2821
5.22098e-08  17.2821
5.14903e-08  17.2821
5.07808e-08  17.2821
5.00811e-08  17.2821
4.9391e-08  17.2821
4.87104e-08  17.2821
4.80391e-08  17.2821
4.73772e-08  17.2821
4.67243e-08  17.2821
4.60805e-08  17.2821
4.54455e-08  17.2821
4.48193e-08  17.2821
4.42017e-08  17.2821
4.35926e-08  17.2821
4.29919e-08  17.2821
4.23994e-08  17.2821
4.18152e-08  17.2821
4.1239e-08  17.2821
4.06707e-08  17.2821
4.01103e-08  17.2821
3.95576e-08  17.2821
3.90125e-08  17.2821
3.84749e-08  17.2821
3.79447e-08  17.2821
3.74218e-08  17.2821
3.69062e-08  17.2821
3.63976e-08  17.2821
3.58961e-08  17.2821
3.54014e-08  17.2821
3.49136e-08  17.2821
3.44325e-08  17.2821
3.3958e-08  17.2821
3.34901e-08  17.2821
3.30286e-08  17.2821
3.25735e-08  17.2821
3.21246e-08  17.2821
3.16819e-08  17.2821
3.12454e-08  17.2821
3.08148e-08  17.2821
3.03902e-08  17.2821
2.99714e-08  17.2821
2.95584e-08  17.2821
2.91511e-08  17.2821
2.87494e-08  17.2821
2.83532e-08  17.2821
2.79625e-08  17.2821
2.75772e-08  17.2821
2.71972e-08  17.2821
2.68224e-08  17.2821
2.64528e-08  17.2821
2.60883e-08  17.2821
2.57288e-08  17.2821
2.53743e-08  17.2821
2.50246e-08  17.2821
2.46798e-08  17.2821
2.43397e-08  17.2821
2.40043e-08  17.2821
2.36735e-08  17.2821
2.33473e-08  17.2821
2.30256e-08  17.2821
2.27083e-08  17.2821
2.23954e-08  17.2821
2.20868e-08  17.2821
2.17824e-08  17.2821
2.14823e-08  17.2821
2.11863e-08  17.2821
2.08943e-08  17.2821
2.06064e-08  17.2821
2.03224e-08  17.2821
2.00424e-08  17.2821
1.97662e-08  17.2821
1.94939e-08  17.2821
1.92252e-08  17.2821
1.89603e-08  17.2821
1.8699e-08  17.2821
1.84414e-08  17.2821
1.81873e-08  17.2821
1.79366e-08  17.2821
1.76895e-08  17.2821
1.74457e-08  17.2821
1.72053e-08  17.2821
1.69682e-08  17.2821
1.67344e-08  17.2821
1.65038e-08  17.2821
1.62764e-08  17.2821
1.60521e-08  17.2821
1.58309e-08  17.2821
1.56128e-08  17.2821
1.53976e-08  17.2821
1.51854e-08  17.2821
1.49762e-08  17.2821
1.47698e-08  17.2821
1.45663e-08  17.2821
1.43656e-08  17.2821
1.41676e-08  17.2821
1.39724e-08  17.2821
1.37799e-08  17.2821
1.359e-08  17.2821
1.34027e-08  17.2821
1.3218e-08  17.2821
1.30359e-08  17.2821
1.28562e-08  17.2821
1.26791e-08  17.2821
1.25044e-08  17.2821
1.23321e-08  17.2821
1.21621e-08  17.2821
1.19945e-08  17.2821
1.18293e-08  17.2821
1.16663e-08  17.2821
1.15055e-08  17.2821
1.1347e-08  17.2821
1.11906e-08  17.2821
1.10364e-08  17.2821
1.08843e-08  17.2821
1.07343e-08  17.2821
1.05864e-08  17.2821
1.04405e-08  17.2821
1.02967e-08  17.2821
1.01548e-08  17.2821
1.00148e-08  17.2821
9.87684e-09  17.2821
9.74074e-09  17.2821
9.60651e-09  17.2821
9.47414e-09  17.2821
9.34358e-09  17.2821
9.21483e-09  17.2821
9.08785e-09  17.2821
8.96262e-09  17.2821
8.83912e-09  17.2821
8.71732e-09  17.2821
8.5972e-09  17.2821
8.47873e-09  17.2821
8.36189e-09  17.2821
8.24667e-09  17.2821
8.13303e-09  17.2821
8.02096e-09  17.2821
7.91043e-09  17.2821
7.80143e-09  17.2821
7.69392e-09  17.2821
7.5879e-09  17.2821
7.48334e-09  17.2821
7.38022e-09  17.2821
7.27853e-09  17.2821
7.17823e-09  17.2821
7.07931e-09  17.2821
6.98176e-09  17.2821
6.88556e-09  17.2821
6.79067e-09  17.2821
6.6971e-09  17.2821
6.60481e-09  17.2821
6.5138e-09  17.2821
6.42404e-09  17.2821
6.33552e-09  17.2821
6.24822e-09  17.2821
6.16212e-09  17.2821
6.07721e-09  17.2821
5.99346e-09  17.2821
5.91087e-09  17.2821
5.82942e-09  17.2821
5.7491e-09  17.2821
5.66987e-09  17.2821
5.59174e-09  17.2821
5.51469e-09  17.2821
5.4387e-09  17.2821
5.36376e-09  17.2821
5.28984e-09  17.2821
5.21695e-09  17.2821
5.14506e-09  17.2821
5.07416e-09  17.2821
5.00424e-09  17.2821
4.93529e-09  17.2821
4.86728e-09  17.2821
4.80021e-09  17.2821
4.73406e-09  17.2821
4.66883e-09  17.2821
4.60449e-09  17.2821
4.54104e-09  17.2821
4.47847e-09  17.2821
4.41675e-09  17.2821
4.35589e-09  17.2821
4.29587e-09  17.2821
4.23667e-09  17.2821
4.17829e-09  17.2821
4.12072e-09  17.2821
4.06393e-09  17.2821
4.00793e-09  17.2821
3.9527e-09  17.2821
3.89824e-09  17.2821
3.84452e-09  17.2821
3.79154e-09  17.2821
3.7393e-09  17.2821
3.68777e-09  17.2821
3.63695e-09  17.2821
3.58684e-09  17.2821
3.53741e-09  17.2821
3.48867e-09  17.2821
3.44059e-09  17.2821
3.39318e-09  17.2821
3.34642e-09  17.2821
3.30031e-09  17.2821
3.25483e-09  17.2821
3.20998e-09  17.2821
3.16575e-09  17.2821
3.12213e-09  17.2821
3.0791e-09  17.2821
3.03667e-09  17.2821
2.99483e-09  17.2821
2.95356e-09  17.2821
2.91286e-09  17.2821
2.87272e-09  17.2821
2.83314e-09  17.2821
2.7941e-09  17.2821
2.7556e-09  17.2821
2.71762e-09  17.2821
2.68018e-09  17.2821
2.64324e-09  17.2821
2.60682e-09  17.2821
2.5709e-09  17.2821
2.53547e-09  17.2821
2.50053e-09  17.2821
2.46608e-09  17.2821
2.43209e-09  17.2821
2.39858e-09  17.2821
2.36553e-09  17.2821
2.33293e-09  17.2821
2.30078e-09  17.2821
2.26908e-09  17.2821
2.23781e-09  17.2821
2.20698e-09  17.2821
2.17656e-09  17.2821
2.14657e-09  17.2821
2.11699e-09  17.2821
2.08782e-09  17.2821
2.05905e-09  17.2821
2.03068e-09  17.2821
2.0027e-09  17.2821
1.9751e-09  17.2821
1.94788e-09  17.2821
1.92104e-09  17.2821
1.89457e-09  17.2821
1.86846e-09  17.2821
1.84271e-09  17.2821
1.81732e-09  17.2821
1.79228e-09  17.2821
1.76758e-09  17.2821
1.74323e-09  17.2821
1.7192e-09  17.2821
1.69551e-09  17.2821
1.67215e-09  17.2821
1.64911e-09  17.2821
1.62638e-09  17.2821
1.60397e-09  17.2821
1.58187e-09  17.2821
1.56007e-09  17.2821
1.53858e-09  17.2821
1.51737e-09  17.2821
1.49646e-09  17.2821
1.47584e-09  17.2821
1.45551e-09  17.2821
1.43545e-09  17.2821
1.41567e-09  17.2821
1.39616e-09  17.2821
1.37692e-09  17.2821
1.35795e-09  17.2821
1.33924e-09  17.2821
1.32078e-09  17.2821
1.30258e-09  17.2821
1.28463e-09  17.2821
1.26693e-09  17.2821
1.24947e-09  17.2821
1.23226e-09  17.2821
1.21528e-09  17.2821
1.19853e-09  17.2821
1.18201e-09  17.2821
1.16573e-09  17.2821
1.14966e-09  17.2821
1.13382e-09  17.2821
1.1182e-09  17.2821
1.10279e-09  17.2821
1.08759e-09  17.2821
1.0726e-09  17.2821
1.05782e-09  17.2821
1.04325e-09  17.2821
1.02887e-09  17.2821
1.01469e-09  17.2821
1.00071e-09  17.2821
9.86923e-10  17.2821
9.73323e-10  17.2821
9.59911e-10  17.2821
9.46683e-10  17.2821
9.33638e-10  17.2821
9.20773e-10  17.2821
9.08085e-10  17.2821
8.95572e-10  17.2821
8.83231e-10  17.2821
8.7106e-10  17.2821
8.59057e-10  17.2821
8.47219e-10  17.2821
8.35545e-10  17.2821
8.24031e-10  17.2821
8.12676e-10  17.2821
8.01478e-10  17.2821
7.90433e-10  17.2821
7.79541e-10  17.2821
7.68799e-10  17.2821
7.58205e-10  17.2821
7.47758e-10  17.2821
7.37454e-10  17.2821
7.27292e-10  17.2821
7.1727e-10  17.2821
7.07386e-10  17.2821
6.97638e-10  17.2821
6.88025e-10  17.2821
6.78544e-10  17.2821
6.69194e-10  17.2821
6.59972e-10  17.2821
6.50878e-10  17.2821
6.41909e-10  17.2821
6.33064e-10  17.2821
6.2434e-10  17.2821
6.15737e-10  17.2821
6.07252e-10  17.2821
5.98884e-10  17.2821
5.90632e-10  17.2821
5.82493e-10  17.2821
5.74466e-10  17.2821
5.6655e-10  17.2821
5.58743e-10  17.2821
5.51044e-10  17.2821
5.43451e-10  17.2821
5.35962e-10  17.2821
5.28577e-10  17.2821
5.21293e-10  17.2821
5.1411e-10  17.2821
5.07025e-10  17.2821
5.00039e-10  17.2821
4.93148e-10  17.2821
4.86353e-10  17.2821
4.79651e-10  17.2821
4.73041e-10  17.2821
4.66523e-10  17.2821
4.60094e-10  17.2821
4.53754e-10  17.2821
4.47502e-10  17.2821
4.41335e-10  17.2821
4.35254e-10  17.2821
4.29256e-10  17.2821
4.23341e-10  17.2821
4.17507e-10  17.2821
4.11754e-10  17.2821
4.0608e-10  17.2821
4.00484e-10  17.2821
3.94966e-10  17.2821
3.89523e-10  17.2821
3.84156e-10  17.2821
3.78862e-10  17.2821
3.73641e-10  17.2821
3.68493e-10  17.2821
3.63415e-10  17.2821
3.58407e-10  17.2821
3.53468e-10  17.2821
3.48598e-10  17.2821
3.43794e-10  17.2821
3.39057e-10  17.2821
3.34384e-10  17.2821
3.29777e-10  17.2821
3.25232e-10  17.2821
3.20751e-10  17.2821
3.16331e-10  17.2821
3.11972e-10  17.2821
3.07673e-10  17.2821
3.03433e-10  17.2821
2.99252e-10  17.2821
2.95128e-10  17.2821
2.91062e-10  17.2821
2.87051e-10  17.2821
2.83095e-10  17.2821
2.79194e-10  17.2821
2.75347e-10  17.2821
2.71553e-10  17.2821
2.67811e-10  17.2821
2.64121e-10  17.2821
2.60481e-10  17.2821
2.56892e-10  17.2821
2.53352e-10  17.2821
2.49861e-10  17.2821
2.46417e-10  17.2821
2.43022e-10  17.2821
2.39673e-10  17.2821
2.3637e-10  17.2821
2.33113e-10  17.2821
2.29901e-10  17.2821
2.26733e-10  17.2821
2.23609e-10  17.2821
2.20527e-10  17.2821
2.17489e-10  17.2821
2.14492e-10  17.2821
2.11536e-10  17.2821
2.08621e-10  17.2821
2.05746e-10  17.2821
2.02911e-10  17.2821
2.00115e-10  17.2821
1.97358e-10  17.2821
1.94638e-10  17.2821
1.91956e-10  17.2821
1.89311e-10  17.2821
1.86702e-10  17.2821
1.84129e-10  17.2821
1.81592e-10  17.2821
1.7909e-10  17.2821
1.76622e-10  17.2821
1.74188e-10  17.2821
1.71788e-10  17.2821
1.69421e-10  17.2821
1.67086e-10  17.2821
1.64784e-10  17.2821
1.62513e-10  17.2821
1.60274e-10  17.2821
1.58065e-10  17.2821
1.55887e-10  17.2821
1.53739e-10  17.2821
1.5162e-10  17.2821
1.49531e-10  17.2821
1.47471e-10  17.2821
1.45438e-10  17.2821
1.43434e-10  17.2821
1.41458e-10  17.2821
1.39509e-10  17.2821
1.37586e-10  17.2821
1.3569e-10  17.2821
1.3382e-10  17.2821
1.31976e-10  17.2821
1.30158e-10  17.2821
1.28364e-10  17.2821
1.26595e-10  17.2821
1.24851e-10  17.2821
1.23131e-10  17.2821
1.21434e-10  17.2821
1.1976e-10  17.2821
1.1811e-10  17.2821
1.16483e-10  17.2821
1.14878e-10  17.2821
1.13295e-10  17.2821
1.11733e-10  17.2821
1.10194e-10  17.2821
1.08675e-10  17.2821
1.07178e-10  17.2821
1.05701e-10  17.2821
1.04244e-10  17.2821
1.02808e-10  17.2821
1.01391e-10  17.2821
9.9994e-11  17.2821
